1 0.46015625 0.5697916666666667 0.1640625 0.21458333333333332
1 0.796875 0.1875 0.14375 0.19583333333333333
1 0.9078125 0.49375 0.15625 0.2125
1 0.11484375 0.2947916666666667 0.1578125 0.22291666666666668
1 0.66796875 0.5989583333333334 0.1578125 0.22291666666666668
1 0.17109375 0.5197916666666667 0.1578125 0.22291666666666668
1 0.5328125 0.090625 0.1625 0.17708333333333334
1 0.31875 0.6604166666666667 0.1625 0.17916666666666667
1 0.58515625 0.903125 0.1703125 0.19375
1 0.4 0.9291666666666667 0.20625 0.14166666666666666
1 0.1828125 0.8802083333333334 0.165625 0.23958333333333334
2 0.33671875 0.2791666666666667 0.3390625 0.4166666666666667
2 0.5984375 0.3625 0.240625 0.3
0 0.96953125 0.8354166666666667 0.0515625 0.06666666666666667