1 0.1171875 0.1125 0.171875 0.22083333333333333
1 0.3046875 0.2552083333333333 0.171875 0.22291666666666668
1 0.078125 0.790625 0.153125 0.21041666666666667
1 0.478125 0.5 0.159375 0.21666666666666667
1 0.653125 0.2625 0.159375 0.21666666666666667
1 0.91953125 0.38125 0.1609375 0.21666666666666667
1 0.85390625 0.5854166666666667 0.1609375 0.21666666666666667
1 0.7125 0.5666666666666667 0.1375 0.175
1 0.75625 0.9322916666666666 0.1375 0.13541666666666666
1 0.0984375 0.32083333333333336 0.159375 0.21666666666666667
1 0.20078125 0.609375 0.1484375 0.2520833333333333
2 0.31953125 0.8489583333333334 0.2109375 0.26458333333333334