2 0.34609375 0.2864583333333333 0.1984375 0.2520833333333333
1 0.45 0.6802083333333333 0.171875 0.21875
1 0.5359375 0.246875 0.171875 0.21875
1 0.6265625 0.6208333333333333 0.140625 0.19583333333333333
1 0.78125 0.7125 0.140625 0.19583333333333333
1 0.725 0.7479166666666667 0.140625 0.19583333333333333
1 0.61640625 0.8739583333333333 0.1953125 0.22708333333333333
1 0.3875 0.5520833333333334 0.153125 0.18333333333333332
1 0.23515625 0.7916666666666666 0.2015625 0.2375
1 0.1640625 0.096875 0.171875 0.18958333333333333
1 0.34921875 0.11666666666666667 0.1546875 0.16666666666666666
1 0.72109375 0.09375 0.1734375 0.18333333333333332
1 0.89453125 0.37604166666666666 0.1734375 0.18541666666666667
1 0.90078125 0.503125 0.1734375 0.18541666666666667
1 0.9265625 0.6177083333333333 0.146875 0.20208333333333334
1 0.7984375 0.31145833333333334 0.146875 0.20208333333333334
1 0.715625 0.23645833333333333 0.146875 0.20208333333333334
1 0.73125 0.3802083333333333 0.146875 0.20208333333333334
1 0.73125 0.43333333333333335 0.1625 0.20833333333333334
1 0.6921875 0.4375 0.1625 0.20833333333333334
1 0.628125 0.48333333333333334 0.1625 0.20833333333333334
1 0.1734375 0.6041666666666666 0.190625 0.21666666666666667
1 0.8078125 0.925 0.196875 0.15
1 0.0703125 0.88125 0.1375 0.2375
0 0.1890625 0.26666666666666666 0.059375 0.09583333333333334