1 0.05546875 0.6822916666666666 0.1078125 0.21458333333333332
1 0.384375 0.846875 0.2 0.21458333333333332
1 0.234375 0.571875 0.153125 0.21875
1 0.88671875 0.4895833333333333 0.1640625 0.24166666666666667
1 0.63359375 0.91875 0.1484375 0.1625
1 0.1953125 0.915625 0.16875 0.16875
1 0.07265625 0.10833333333333334 0.1421875 0.2125
1 0.7140625 0.5052083333333334 0.1625 0.21458333333333332
1 0.3953125 0.6166666666666667 0.2 0.225
1 0.56171875 0.7614583333333333 0.1828125 0.21458333333333332
1 0.21484375 0.415625 0.1234375 0.15208333333333332
2 0.50234375 0.33645833333333336 0.3609375 0.46041666666666664