1 0.415625 0.79375 0.171875 0.15
1 0.6875 0.3802083333333333 0.171875 0.23958333333333334
1 0.475 0.353125 0.171875 0.23958333333333334
1 0.85234375 0.45208333333333334 0.1828125 0.24166666666666667
1 0.40859375 0.10833333333333334 0.1796875 0.2125
1 0.1703125 0.696875 0.13125 0.20208333333333334
1 0.81328125 0.9197916666666667 0.1421875 0.16041666666666668
1 0.5734375 0.9197916666666667 0.184375 0.16041666666666668
1 0.12109375 0.2375 0.1609375 0.22916666666666666
1 0.06328125 0.17291666666666666 0.1234375 0.2625
2 0.59140625 0.6354166666666666 0.2265625 0.2875
0 0.49765625 0.4895833333333333 0.0453125 0.075