1 0.77265625 0.678125 0.1734375 0.19375
1 0.81328125 0.35833333333333334 0.1765625 0.22916666666666666
1 0.71953125 0.2 0.1453125 0.21666666666666667
1 0.58671875 0.5729166666666666 0.1703125 0.25833333333333336
1 0.465625 0.7895833333333333 0.1625 0.20833333333333334
1 0.6390625 0.85625 0.2 0.225
1 0.403125 0.9114583333333334 0.18125 0.17708333333333334
1 0.584375 0.17604166666666668 0.159375 0.18125
1 0.640625 0.31979166666666664 0.159375 0.18125
2 0.30078125 0.4041666666666667 0.2703125 0.32916666666666666
0 0.8921875 0.959375 0.065625 0.08125
0 0.190625 0.5479166666666667 0.065625 0.09583333333333334