1 0.68203125 0.34375 0.1921875 0.20833333333333334
1 0.5296875 0.6833333333333333 0.1875 0.26666666666666666
1 0.78671875 0.5166666666666667 0.1765625 0.24583333333333332
1 0.29453125 0.815625 0.2109375 0.21041666666666667
1 0.059375 0.359375 0.115625 0.29791666666666666
1 0.60625 0.13333333333333333 0.203125 0.24166666666666667
1 0.77265625 0.125 0.1328125 0.24583333333333332
1 0.9234375 0.66875 0.153125 0.25833333333333336
1 0.9296875 0.371875 0.140625 0.22708333333333333
1 0.93203125 0.08958333333333333 0.1359375 0.175
1 0.57109375 0.8927083333333333 0.1859375 0.21458333333333332
0 0.8140625 0.3572916666666667 0.046875 0.06458333333333334
0 0.64296875 0.5010416666666667 0.0828125 0.09791666666666667
2 0.428125 0.375 0.30625 0.36666666666666664