1 0.67890625 0.09166666666666666 0.1671875 0.17916666666666667
1 0.83828125 0.153125 0.1734375 0.20625
1 0.5015625 0.28854166666666664 0.19375 0.24791666666666667
1 0.3203125 0.071875 0.159375 0.13958333333333334
1 0.10234375 0.5739583333333333 0.1984375 0.23125
1 0.5546875 0.8885416666666667 0.146875 0.22291666666666668
1 0.25 0.20625 0.18125 0.21666666666666667
1 0.634375 0.4979166666666667 0.18125 0.21666666666666667
1 0.8125 0.5708333333333333 0.18125 0.21666666666666667
1 0.3515625 0.9291666666666667 0.20625 0.13333333333333333
1 0.06640625 0.8447916666666667 0.1296875 0.20208333333333334
2 0.39296875 0.6833333333333333 0.3203125 0.3958333333333333