1 0.46796875 0.32083333333333336 0.1828125 0.24583333333333332
1 0.69609375 0.7395833333333334 0.1828125 0.24583333333333332
1 0.84921875 0.8145833333333333 0.1828125 0.24583333333333332
1 0.9109375 0.36770833333333336 0.178125 0.20625
1 0.93359375 0.5927083333333333 0.1328125 0.24791666666666667
1 0.76796875 0.521875 0.1640625 0.20208333333333334
1 0.71796875 0.2864583333333333 0.1640625 0.20208333333333334
1 0.76015625 0.10520833333333333 0.1640625 0.20208333333333334
1 0.24921875 0.159375 0.1640625 0.20208333333333334
2 0.459375 0.79375 0.340625 0.4125
2 0.16953125 0.5229166666666667 0.3359375 0.525