1 0.0953125 0.7583333333333333 0.153125 0.19583333333333333
1 0.05546875 0.5354166666666667 0.1078125 0.275
1 0.57421875 0.37395833333333334 0.1953125 0.23541666666666666
1 0.6921875 0.6291666666666667 0.159375 0.225
1 0.346875 0.7302083333333333 0.15625 0.24375
1 0.90625 0.4979166666666667 0.1875 0.22916666666666666
1 0.57265625 0.090625 0.1640625 0.17708333333333334
1 0.22109375 0.27708333333333335 0.2078125 0.20416666666666666
1 0.178125 0.44583333333333336 0.196875 0.2708333333333333
1 0.5296875 0.753125 0.196875 0.21041666666666667
1 0.3625 0.08125 0.19375 0.15833333333333333
0 0.35078125 0.9177083333333333 0.0609375 0.09375
0 0.453125 0.171875 0.059375 0.08541666666666667
2 0.74765625 0.17291666666666666 0.2453125 0.31666666666666665