1 0.871875 0.253125 0.159375 0.24375
1 0.7453125 0.8989583333333333 0.159375 0.20208333333333334
1 0.371875 0.2375 0.1625 0.25
1 0.2625 0.109375 0.1875 0.21458333333333332
1 0.08984375 0.10104166666666667 0.1765625 0.19791666666666666
1 0.5796875 0.11041666666666666 0.178125 0.2
1 0.1765625 0.6458333333333334 0.1625 0.20416666666666666
1 0.2265625 0.909375 0.146875 0.18125
0 0.8578125 0.7864583333333334 0.078125 0.08541666666666667
0 0.35234375 0.684375 0.0515625 0.07708333333333334
2 0.553125 0.4041666666666667 0.35 0.44583333333333336
1 0.53359375 0.8989583333333333 0.1703125 0.20208333333333334
1 0.88828125 0.915625 0.1609375 0.14375