1 0.4203125 0.6854166666666667 0.20625 0.2625
1 0.8109375 0.6166666666666667 0.13125 0.17916666666666667
1 0.66875 0.6979166666666666 0.165625 0.1875
1 0.6875 0.4 0.15 0.16666666666666666
1 0.51875 0.4625 0.171875 0.18333333333333332
1 0.3578125 0.2552083333333333 0.14375 0.19375
1 0.184375 0.215625 0.16875 0.23125
1 0.5390625 0.14583333333333334 0.184375 0.2125
1 0.79453125 0.21875 0.1765625 0.225
1 0.2 0.6770833333333334 0.15625 0.19166666666666668
1 0.146875 0.465625 0.16875 0.23958333333333334
1 0.56171875 0.8760416666666667 0.1703125 0.22291666666666668
2 0.81328125 0.834375 0.3703125 0.33125