1 0.60078125 0.11979166666666667 0.1703125 0.17708333333333334
1 0.44765625 0.15729166666666666 0.1578125 0.23125
1 0.565625 0.58125 0.134375 0.2
1 0.84453125 0.425 0.1671875 0.25416666666666665
1 0.5046875 0.9239583333333333 0.134375 0.15208333333333332
1 0.396875 0.9239583333333333 0.134375 0.15208333333333332
1 0.93359375 0.7489583333333333 0.1328125 0.23125
1 0.7515625 0.6989583333333333 0.184375 0.21875
1 0.20546875 0.08958333333333333 0.1703125 0.175
1 0.1265625 0.121875 0.140625 0.19375
2 0.334375 0.4083333333333333 0.190625 0.25833333333333336
0 0.96484375 0.26145833333333335 0.0515625 0.08541666666666667
0 0.9828125 0.36354166666666665 0.034375 0.08541666666666667
0 0.86171875 0.8364583333333333 0.0515625 0.08541666666666667