2 0.61171875 0.17395833333333333 0.2796875 0.34375
1 0.3703125 0.309375 0.21875 0.20208333333333334
1 0.41328125 0.06770833333333333 0.1703125 0.13125
1 0.9375 0.2677083333333333 0.121875 0.22708333333333333
1 0.28125 0.15729166666666666 0.15625 0.20625
1 0.1859375 0.48541666666666666 0.140625 0.18333333333333332
1 0.5453125 0.42916666666666664 0.140625 0.18333333333333332
1 0.6375 0.43125 0.140625 0.18333333333333332
1 0.7109375 0.4083333333333333 0.140625 0.18333333333333332
1 0.7421875 0.3645833333333333 0.140625 0.18333333333333332
1 0.825 0.31875 0.140625 0.18333333333333332
1 0.915625 0.6666666666666666 0.140625 0.18333333333333332
1 0.946875 0.4875 0.10625 0.22083333333333333
1 0.51640625 0.9416666666666667 0.1390625 0.11666666666666667
1 0.56953125 0.5885416666666666 0.1765625 0.17708333333333334
1 0.36484375 0.8 0.1390625 0.1625
1 0.0703125 0.5760416666666667 0.1375 0.26458333333333334
1 0.19453125 0.803125 0.1796875 0.25625
1 0.115625 0.221875 0.178125 0.25625
1 0.10546875 0.090625 0.1453125 0.17708333333333334
1 0.45 0.48541666666666666 0.140625 0.18333333333333332
1 0.446875 0.63125 0.140625 0.18333333333333332