1 0.584375 0.13645833333333332 0.18125 0.18958333333333333
1 0.1484375 0.2989583333333333 0.190625 0.21041666666666667
1 0.14609375 0.5197916666666667 0.1671875 0.19375
1 0.259375 0.5197916666666667 0.18125 0.26458333333333334
1 0.40703125 0.5604166666666667 0.0828125 0.2791666666666667
1 0.45625 0.6708333333333333 0.15625 0.22083333333333333
1 0.15234375 0.8395833333333333 0.1640625 0.225
1 0.60546875 0.35 0.2328125 0.19166666666666668
1 0.87578125 0.409375 0.1640625 0.2520833333333333
1 0.40078125 0.921875 0.1984375 0.15625
1 0.296875 0.78125 0.134375 0.2375
1 0.2765625 0.13645833333333332 0.18125 0.21875
2 0.7234375 0.6385416666666667 0.528125 0.5229166666666667