1 0.709375 0.30833333333333335 0.215625 0.20833333333333334
1 0.68984375 0.44166666666666665 0.1796875 0.2
1 0.25390625 0.35625 0.1921875 0.2125
1 0.284375 0.8197916666666667 0.1625 0.20625
1 0.32421875 0.896875 0.1453125 0.20625
1 0.10703125 0.5958333333333333 0.1703125 0.24166666666666667
1 0.56328125 0.73125 0.1703125 0.24166666666666667
1 0.90859375 0.3375 0.1578125 0.24583333333333332
1 0.84765625 0.6041666666666666 0.1578125 0.2375
1 0.64765625 0.6625 0.1578125 0.2375
1 0.49140625 0.24375 0.1578125 0.2375
1 0.4828125 0.4895833333333333 0.1875 0.25416666666666665
2 0.6640625 0.11145833333333334 0.44375 0.21875
1 0.24296875 0.103125 0.1453125 0.20208333333333334
1 0.28359375 0.23958333333333334 0.1453125 0.20416666666666666
1 0.8359375 0.8895833333333333 0.171875 0.22083333333333333