1 0.11875 0.31145833333333334 0.159375 0.24791666666666667
1 0.0890625 0.103125 0.159375 0.20208333333333334
1 0.26640625 0.08125 0.1921875 0.15833333333333333
1 0.51796875 0.12916666666666668 0.1796875 0.23333333333333334
1 0.65859375 0.48125 0.1796875 0.24166666666666667
1 0.21015625 0.6604166666666667 0.1515625 0.2125
1 0.07578125 0.76875 0.1484375 0.22916666666666666
1 0.3515625 0.8041666666666667 0.15 0.22916666666666666
1 0.51796875 0.7416666666666667 0.1515625 0.20833333333333334
1 0.7 0.721875 0.175 0.21041666666666667
1 0.8703125 0.8760416666666667 0.175 0.21041666666666667
1 0.6828125 0.234375 0.153125 0.21041666666666667
1 0.43515625 0.928125 0.1421875 0.13958333333333334
1 0.228125 0.9270833333333334 0.175 0.1375
2 0.36328125 0.375 0.3703125 0.475
0 0.790625 0.48854166666666665 0.10625 0.13958333333333334
0 0.7703125 0.13229166666666667 0.071875 0.08541666666666667