1 0.440625 0.396875 0.175 0.20625
1 0.3921875 0.20416666666666666 0.2125 0.24166666666666667
1 0.5984375 0.40625 0.175 0.21666666666666667
1 0.871875 0.7125 0.165625 0.2125
1 0.915625 0.903125 0.1625 0.19375
1 0.33828125 0.91875 0.1609375 0.1625
1 0.5171875 0.7114583333333333 0.18125 0.20208333333333334
1 0.075 0.09791666666666667 0.146875 0.19166666666666668
1 0.72421875 0.6208333333333333 0.1671875 0.25833333333333336
1 0.63046875 0.11666666666666667 0.1703125 0.22916666666666666
1 0.9390625 0.26979166666666665 0.121875 0.24375
1 0.89765625 0.48541666666666666 0.1546875 0.24583333333333332
1 0.2609375 0.47291666666666665 0.184375 0.24166666666666667
0 0.4015625 0.04895833333333333 0.075 0.09375
2 0.6796875 0.8697916666666666 0.33125 0.2604166666666667