2 0.29609375 0.25 0.2859375 0.35833333333333334
1 0.51875 0.36041666666666666 0.171875 0.25
1 0.6921875 0.29583333333333334 0.171875 0.25
1 0.5640625 0.63125 0.171875 0.25
1 0.37265625 0.6760416666666667 0.1640625 0.23541666666666666
1 0.56171875 0.8791666666666667 0.1984375 0.24166666666666667
1 0.89765625 0.4270833333333333 0.1984375 0.24166666666666667
1 0.184375 0.93125 0.175 0.1375
1 0.1390625 0.08020833333333334 0.1625 0.15625
1 0.1140625 0.415625 0.1375 0.19791666666666666
1 0.85 0.078125 0.15625 0.15208333333333332
1 0.946875 0.634375 0.10625 0.16875
1 0.909375 0.840625 0.18125 0.20625
1 0.096875 0.5770833333333333 0.146875 0.2375
0 0.23671875 0.6583333333333333 0.0609375 0.1
1 0.63359375 0.115625 0.1953125 0.22708333333333333
1 0.4015625 0.5958333333333333 0.15 0.17083333333333334
1 0.3515625 0.5416666666666666 0.15 0.17083333333333334