1 0.1171875 0.7072916666666667 0.153125 0.19375
1 0.55390625 0.8270833333333333 0.1921875 0.21666666666666667
1 0.90546875 0.525 0.1890625 0.2625
1 0.84453125 0.1875 0.1890625 0.2625
1 0.7125 0.08229166666666667 0.16875 0.16041666666666668
1 0.590625 0.6177083333333333 0.159375 0.19375
1 0.75234375 0.6791666666666667 0.2109375 0.2125
1 0.9328125 0.8177083333333334 0.134375 0.21041666666666667
1 0.0796875 0.9072916666666667 0.15 0.18541666666666667
1 0.1921875 0.15520833333333334 0.159375 0.23125
1 0.32578125 0.5145833333333333 0.2015625 0.24166666666666667
1 0.28046875 0.7625 0.1796875 0.19583333333333333