1 0.11796875 0.24166666666666667 0.1796875 0.2
1 0.11640625 0.44479166666666664 0.1703125 0.18958333333333333
1 0.234375 0.6333333333333333 0.171875 0.2125
1 0.1265625 0.78125 0.178125 0.2
1 0.32421875 0.8166666666666667 0.1765625 0.175
1 0.46875 0.81875 0.18125 0.19583333333333333
1 0.6484375 0.8395833333333333 0.165625 0.22916666666666666
1 0.76953125 0.821875 0.1578125 0.17291666666666666
1 0.784375 0.625 0.15625 0.225
1 0.86796875 0.5239583333333333 0.1921875 0.16041666666666668
1 0.8359375 0.3489583333333333 0.19375 0.16875
1 0.590625 0.19791666666666666 0.171875 0.2
1 0.84375 0.12291666666666666 0.178125 0.24166666666666667
1 0.36484375 0.31145833333333334 0.1890625 0.27708333333333335
2 0.55078125 0.490625 0.3515625 0.45625