1 0.65546875 0.2 0.1578125 0.23333333333333334
1 0.81796875 0.44166666666666665 0.1578125 0.23333333333333334
1 0.79296875 0.6916666666666667 0.1921875 0.225
1 0.9171875 0.8604166666666667 0.165625 0.20416666666666666
1 0.715625 0.8864583333333333 0.165625 0.22708333333333333
1 0.93671875 0.31354166666666666 0.1265625 0.22291666666666668
1 0.80546875 0.09375 0.1453125 0.18333333333333332
1 0.49140625 0.8291666666666667 0.1171875 0.22916666666666666
1 0.4203125 0.828125 0.1875 0.18958333333333333
1 0.23203125 0.8333333333333334 0.1640625 0.22916666666666666
1 0.65546875 0.38333333333333336 0.1421875 0.17083333333333334
1 0.3640625 0.153125 0.15625 0.19375
1 0.1421875 0.515625 0.15625 0.19375
1 0.24140625 0.134375 0.1515625 0.22708333333333333
1 0.12890625 0.315625 0.1765625 0.23958333333333334
2 0.3734375 0.5364583333333334 0.38125 0.4979166666666667