1 0.42109375 0.37604166666666666 0.1984375 0.23125
1 0.21328125 0.5208333333333334 0.1546875 0.20416666666666666
1 0.078125 0.10104166666666667 0.15 0.19791666666666666
1 0.1453125 0.30520833333333336 0.19375 0.20208333333333334
1 0.51875 0.6270833333333333 0.15 0.17916666666666667
1 0.475 0.7541666666666667 0.1625 0.23333333333333334
1 0.4515625 0.86875 0.1625 0.23333333333333334
1 0.7015625 0.559375 0.184375 0.17708333333333334
1 0.84921875 0.925 0.1765625 0.15
1 0.78046875 0.7510416666666667 0.2203125 0.24791666666666667
1 0.61328125 0.8875 0.1640625 0.225
1 0.8953125 0.103125 0.1875 0.20208333333333334
1 0.30859375 0.8197916666666667 0.1609375 0.21875
1 0.56015625 0.13229166666666667 0.1609375 0.21875
1 0.13046875 0.6760416666666667 0.1609375 0.21875
0 0.42734375 0.146875 0.0640625 0.09791666666666667
0 0.02734375 0.20625 0.0515625 0.1
2 0.72578125 0.30833333333333335 0.3109375 0.35