2 0.21015625 0.6395833333333333 0.3234375 0.4125
1 0.4890625 0.703125 0.18125 0.22708333333333333
1 0.7203125 0.7375 0.175 0.275
1 0.66796875 0.3125 0.1828125 0.30416666666666664
1 0.2265625 0.2989583333333333 0.171875 0.18958333333333333
1 0.403125 0.8552083333333333 0.171875 0.18958333333333333
1 0.58203125 0.9125 0.1703125 0.175
1 0.94765625 0.459375 0.1015625 0.2520833333333333
1 0.8046875 0.240625 0.153125 0.24375
1 0.92578125 0.2 0.1421875 0.2
1 0.85859375 0.5614583333333333 0.1546875 0.23125
1 0.37734375 0.13541666666666666 0.1796875 0.22083333333333333
1 0.25390625 0.18125 0.1796875 0.22083333333333333
1 0.7890625 0.9208333333333333 0.15625 0.15833333333333333
1 0.584375 0.9166666666666666 0.15625 0.15833333333333333