1 0.296875 0.8385416666666666 0.165625 0.21041666666666667
1 0.41875 0.5677083333333334 0.159375 0.24375
1 0.51640625 0.321875 0.1578125 0.20625
1 0.70546875 0.26875 0.1703125 0.19583333333333333
1 0.84921875 0.12083333333333333 0.1859375 0.23333333333333334
1 0.9203125 0.815625 0.159375 0.21458333333333332
1 0.17734375 0.640625 0.2046875 0.26458333333333334
1 0.09140625 0.49375 0.1796875 0.24583333333333332
1 0.7109375 0.8125 0.178125 0.22916666666666666
1 0.553125 0.15833333333333333 0.178125 0.22916666666666666
1 0.071875 0.7760416666666666 0.140625 0.22708333333333333
2 0.80078125 0.5541666666666667 0.3140625 0.37083333333333335
0 0.17109375 0.8229166666666666 0.0734375 0.08333333333333333