2 0.22890625 0.34791666666666665 0.2203125 0.25416666666666665
2 0.88828125 0.8166666666666667 0.2203125 0.36666666666666664
0 0.303125 0.19895833333333332 0.053125 0.08125
0 0.121875 0.959375 0.053125 0.08125
1 0.12578125 0.7895833333333333 0.1984375 0.20416666666666666
1 0.26640625 0.8208333333333333 0.1984375 0.20416666666666666
1 0.23359375 0.5666666666666667 0.1984375 0.20416666666666666
1 0.14765625 0.5354166666666667 0.1984375 0.20416666666666666
1 0.67265625 0.6979166666666666 0.1984375 0.20416666666666666
1 0.63984375 0.4666666666666667 0.1984375 0.20416666666666666
1 0.56171875 0.19791666666666666 0.1984375 0.20416666666666666
1 0.725 0.2833333333333333 0.146875 0.21666666666666667
1 0.0796875 0.109375 0.146875 0.21458333333333332
1 0.0609375 0.309375 0.11875 0.21458333333333332
1 0.940625 0.225 0.11875 0.24583333333333332
1 0.8828125 0.38645833333333335 0.18125 0.24791666666666667