1 0.69296875 0.2677083333333333 0.1828125 0.2604166666666667
1 0.490625 0.23958333333333334 0.165625 0.175
1 0.8359375 0.478125 0.1625 0.30625
1 0.671875 0.6677083333333333 0.15625 0.21458333333333332
1 0.2125 0.08541666666666667 0.175 0.16666666666666666
1 0.75703125 0.9270833333333334 0.1171875 0.14583333333333334
1 0.41953125 0.8395833333333333 0.2046875 0.22083333333333333
1 0.565625 0.803125 0.1375 0.19791666666666666
1 0.07890625 0.4114583333333333 0.1546875 0.23125
1 0.86875 0.159375 0.15625 0.23125
1 0.9421875 0.9083333333333333 0.115625 0.18333333333333332
2 0.44921875 0.5260416666666666 0.3109375 0.3645833333333333
1 0.2390625 0.5 0.165625 0.175
1 0.315625 0.746875 0.196875 0.22708333333333333