1 0.7734375 0.18645833333333334 0.15625 0.20208333333333334
1 0.8140625 0.5385416666666667 0.15625 0.20208333333333334
1 0.07890625 0.10208333333333333 0.1546875 0.2
1 0.0828125 0.371875 0.15625 0.20208333333333334
1 0.1765625 0.6572916666666667 0.15625 0.20208333333333334
1 0.6203125 0.778125 0.178125 0.20625
1 0.90859375 0.575 0.1734375 0.26666666666666666
1 0.48125 0.6229166666666667 0.1625 0.175
1 0.60390625 0.35833333333333334 0.1578125 0.1875
1 0.63046875 0.9052083333333333 0.1578125 0.18958333333333333
0 0.3265625 0.934375 0.06875 0.08958333333333333
0 0.88203125 0.8364583333333333 0.0546875 0.06458333333333334
0 0.15078125 0.51875 0.0609375 0.07916666666666666
0 0.18828125 0.13958333333333334 0.0703125 0.075
0 0.434375 0.028125 0.059375 0.052083333333333336
2 0.32890625 0.32395833333333335 0.3703125 0.46041666666666664