2 0.2171875 0.5833333333333334 0.3625 0.5958333333333333
1 0.79375 0.778125 0.209375 0.20625
1 0.65625 0.490625 0.15 0.18125
1 0.5515625 0.534375 0.15 0.18125
1 0.4296875 0.7572916666666667 0.153125 0.3145833333333333
1 0.56328125 0.7625 0.1484375 0.2
1 0.51484375 0.9 0.1484375 0.2
1 0.79140625 0.315625 0.1890625 0.22708333333333333
1 0.78203125 0.10104166666666667 0.1890625 0.19791666666666666
1 0.42578125 0.3177083333333333 0.1828125 0.18958333333333333
1 0.57265625 0.30833333333333335 0.2140625 0.2625
1 0.109375 0.284375 0.196875 0.2520833333333333
1 0.090625 0.09895833333333333 0.178125 0.19375
1 0.53125 0.06875 0.16875 0.13333333333333333
1 0.34609375 0.14583333333333334 0.2109375 0.2375
0 0.73828125 0.9 0.0640625 0.07083333333333333
1 0.8234375 0.41354166666666664 0.15 0.18125
1 0.2859375 0.909375 0.15 0.18125