1 0.79453125 0.328125 0.1671875 0.21458333333333332
1 0.84921875 0.6260416666666667 0.1671875 0.21458333333333332
1 0.92421875 0.45208333333333334 0.1515625 0.21666666666666667
1 0.94375 0.7822916666666667 0.1125 0.21875
1 0.57578125 0.8708333333333333 0.1828125 0.22083333333333333
1 0.559375 0.21145833333333333 0.1875 0.23125
1 0.39375 0.171875 0.153125 0.24375
1 0.69140625 0.1125 0.1515625 0.22083333333333333
1 0.0609375 0.42916666666666664 0.11875 0.22083333333333333
1 0.053125 0.8947916666666667 0.103125 0.21041666666666667
1 0.071875 0.07916666666666666 0.140625 0.15416666666666667
1 0.23828125 0.09791666666666667 0.1796875 0.19166666666666668
1 0.14765625 0.7572916666666667 0.1796875 0.19375
2 0.4578125 0.5510416666666667 0.328125 0.43125
0 0.47109375 0.8854166666666666 0.0453125 0.07916666666666666