1 0.78359375 0.8302083333333333 0.1921875 0.21458333333333332
1 0.5171875 0.4552083333333333 0.178125 0.16458333333333333
1 0.61015625 0.653125 0.1578125 0.21875
1 0.659375 0.3260416666666667 0.18125 0.22291666666666668
1 0.68046875 0.09583333333333334 0.1796875 0.1875
1 0.14375 0.8864583333333333 0.1875 0.22708333333333333
1 0.0875 0.6729166666666667 0.15625 0.19583333333333333
1 0.10625 0.18958333333333333 0.19375 0.20833333333333334
1 0.23828125 0.07604166666666666 0.1703125 0.14791666666666667
1 0.40859375 0.07604166666666666 0.1703125 0.14791666666666667
1 0.86875 0.265625 0.165625 0.21875
1 0.5796875 0.7364583333333333 0.165625 0.21875
1 0.346875 0.8072916666666666 0.159375 0.17708333333333334
1 0.38046875 0.225 0.1953125 0.25416666666666665
1 0.9375 0.38229166666666664 0.125 0.20208333333333334
1 0.0765625 0.37604166666666666 0.15 0.19375
0 0.47578125 0.8666666666666667 0.0859375 0.1
0 0.87109375 0.5229166666666667 0.0984375 0.13333333333333333
2 0.25 0.5166666666666667 0.328125 0.4125