1 0.7375 0.46145833333333336 0.234375 0.23541666666666666
1 0.65234375 0.6916666666666667 0.2046875 0.2625
1 0.53046875 0.890625 0.1734375 0.21875
1 0.36953125 0.78125 0.1640625 0.24583333333333332
1 0.31015625 0.6 0.1640625 0.24583333333333332
1 0.1578125 0.7010416666666667 0.153125 0.24375
1 0.2640625 0.37604166666666666 0.215625 0.19791666666666666
1 0.39375 0.22083333333333333 0.15 0.2125
1 0.7015625 0.175 0.171875 0.19166666666666668
1 0.78671875 0.928125 0.1671875 0.14375
2 0.22578125 0.11875 0.3734375 0.23333333333333334