2 0.40390625 0.7395833333333334 0.2359375 0.2916666666666667
1 0.3328125 0.45208333333333334 0.165625 0.25833333333333336
1 0.0828125 0.18958333333333333 0.1625 0.25833333333333336
1 0.22265625 0.33125 0.1671875 0.23333333333333334
1 0.146875 0.4666666666666667 0.165625 0.23333333333333334
1 0.21171875 0.6041666666666666 0.1671875 0.23333333333333334
1 0.1328125 0.6583333333333333 0.165625 0.23333333333333334
1 0.08046875 0.821875 0.1578125 0.20625
1 0.53671875 0.9177083333333333 0.1609375 0.16458333333333333
1 0.678125 0.76875 0.165625 0.20833333333333334
1 0.7734375 0.7614583333333333 0.121875 0.22291666666666668
1 0.8375 0.7114583333333333 0.18125 0.26875
1 0.94296875 0.6208333333333333 0.1140625 0.22916666666666666
1 0.93671875 0.9052083333333333 0.1265625 0.18958333333333333
1 0.86796875 0.29375 0.1609375 0.18333333333333332
1 0.70859375 0.3020833333333333 0.2484375 0.25833333333333336
1 0.55703125 0.09270833333333334 0.1609375 0.18125
1 0.46015625 0.3958333333333333 0.1609375 0.18333333333333332
1 0.57421875 0.5833333333333334 0.1609375 0.18333333333333332
0 0.25625 0.7489583333333333 0.05625 0.09375
0 0.196875 0.7802083333333333 0.05625 0.09375
0 0.2953125 0.9072916666666667 0.05625 0.09375
1 0.221875 0.08125 0.184375 0.15833333333333333