1 0.18203125 0.4197916666666667 0.1515625 0.19791666666666666
1 0.05234375 0.421875 0.1015625 0.23958333333333334
1 0.42265625 0.4479166666666667 0.1984375 0.22916666666666666
1 0.76171875 0.8166666666666667 0.1640625 0.1875
1 0.9171875 0.8541666666666666 0.1625 0.225
1 0.778125 0.5729166666666666 0.1625 0.225
1 0.89765625 0.31354166666666666 0.2046875 0.23541666666666666
1 0.79375 0.11875 0.1625 0.225
1 0.634375 0.4125 0.1625 0.225
1 0.3484375 0.8041666666666667 0.16875 0.2875
1 0.1796875 0.7375 0.159375 0.21666666666666667
1 0.1953125 0.525 0.159375 0.21666666666666667
1 0.2796875 0.13229166666666667 0.11875 0.18958333333333333
1 0.56640625 0.19583333333333333 0.1453125 0.19583333333333333
1 0.64140625 0.059375 0.1703125 0.11458333333333333
1 0.12734375 0.23333333333333334 0.1453125 0.19583333333333333
1 0.19296875 0.86875 0.1796875 0.19166666666666668
2 0.55390625 0.8666666666666667 0.3359375 0.26666666666666666