2 0.30390625 0.5895833333333333 0.2703125 0.37083333333333335
0 0.18515625 0.7177083333333333 0.0609375 0.06458333333333334
0 0.26328125 0.03229166666666667 0.0609375 0.06041666666666667
0 0.64609375 0.446875 0.0609375 0.06458333333333334
1 0.11484375 0.4354166666666667 0.1765625 0.19166666666666668
1 0.0890625 0.50625 0.175 0.19166666666666668
1 0.53203125 0.39166666666666666 0.1609375 0.19166666666666668
1 0.61171875 0.26458333333333334 0.1609375 0.19166666666666668
1 0.52109375 0.15416666666666667 0.1828125 0.21666666666666667
1 0.796875 0.23125 0.215625 0.21666666666666667
1 0.8203125 0.42291666666666666 0.16875 0.25
1 0.934375 0.8739583333333333 0.128125 0.2520833333333333
1 0.7375 0.8895833333333333 0.20625 0.22083333333333333
1 0.51640625 0.9052083333333333 0.1828125 0.18958333333333333
1 0.671875 0.6229166666666667 0.1625 0.20833333333333334
1 0.08984375 0.165625 0.1328125 0.28125