1 0.14609375 0.5385416666666667 0.1734375 0.25625
1 0.1359375 0.25729166666666664 0.175 0.21041666666666667
1 0.2421875 0.19375 0.146875 0.2
1 0.6640625 0.38333333333333336 0.146875 0.2
1 0.35 0.696875 0.18125 0.18541666666666667
1 0.15625 0.9072916666666667 0.18125 0.18541666666666667
1 0.909375 0.22916666666666666 0.18125 0.2
1 0.48125 0.54375 0.203125 0.24166666666666667
1 0.56015625 0.8208333333333333 0.1640625 0.22083333333333333
1 0.89765625 0.43854166666666666 0.1828125 0.21875
2 0.4375 0.1375 0.334375 0.2708333333333333