1 0.415625 0.6802083333333333 0.16875 0.21875
1 0.2625 0.615625 0.15 0.21458333333333332
1 0.453125 0.434375 0.15 0.21458333333333332
1 0.21953125 0.38958333333333334 0.1734375 0.225
1 0.88203125 0.3145833333333333 0.1734375 0.225
1 0.30390625 0.11875 0.1734375 0.225
1 0.7125 0.328125 0.2 0.23541666666666666
1 0.62421875 0.375 0.2515625 0.18333333333333332
1 0.6734375 0.6208333333333333 0.221875 0.20833333333333334
1 0.80703125 0.70625 0.1765625 0.22083333333333333
1 0.83203125 0.9145833333333333 0.1578125 0.17083333333333334
2 0.190625 0.8541666666666666 0.296875 0.2916666666666667