1 0.5796875 0.9020833333333333 0.13125 0.19583333333333333
1 0.271875 0.8395833333333333 0.153125 0.2
1 0.07734375 0.7895833333333333 0.1515625 0.2
1 0.1984375 0.6541666666666667 0.153125 0.2
1 0.115625 0.08645833333333333 0.15625 0.16875
1 0.33515625 0.109375 0.1796875 0.21458333333333332
1 0.5171875 0.11458333333333333 0.15 0.225
1 0.896875 0.065625 0.159375 0.12708333333333333
1 0.90078125 0.31666666666666665 0.1640625 0.21666666666666667
1 0.91796875 0.8666666666666667 0.1640625 0.21666666666666667
1 0.64140625 0.684375 0.1921875 0.23125
1 0.55703125 0.5010416666666667 0.1921875 0.23125
1 0.134375 0.421875 0.16875 0.18958333333333333
1 0.39453125 0.6125 0.1890625 0.22916666666666666
2 0.675 0.27708333333333335 0.33125 0.4041666666666667