2 0.59765625 0.096875 0.2203125 0.18958333333333333
0 0.1140625 0.5395833333333333 0.08125 0.09166666666666666
1 0.63515625 0.41875 0.2078125 0.24166666666666667
1 0.47109375 0.3770833333333333 0.1765625 0.21666666666666667
1 0.46484375 0.16875 0.1765625 0.21666666666666667
1 0.30390625 0.7208333333333333 0.1765625 0.21666666666666667
1 0.18359375 0.7604166666666666 0.1765625 0.21666666666666667
1 0.32734375 0.9072916666666667 0.1640625 0.18541666666666667
1 0.41640625 0.934375 0.1515625 0.13125
1 0.0859375 0.934375 0.16875 0.13125
1 0.8828125 0.28229166666666666 0.1375 0.18958333333333333
1 0.8171875 0.321875 0.1375 0.18958333333333333
1 0.7921875 0.453125 0.1375 0.18958333333333333
1 0.8484375 0.48854166666666665 0.1375 0.18958333333333333
1 0.8796875 0.5302083333333333 0.1375 0.18958333333333333
1 0.915625 0.6 0.16875 0.20416666666666666
1 0.865625 0.9145833333333333 0.215625 0.17083333333333334
1 0.24921875 0.14791666666666667 0.1671875 0.20416666666666666
1 0.0671875 0.2833333333333333 0.13125 0.22083333333333333
1 0.09296875 0.09583333333333334 0.1640625 0.1875
1 0.4234375 0.6947916666666667 0.178125 0.20625
1 0.58828125 0.7072916666666667 0.1203125 0.18125
1 0.58203125 0.8177083333333334 0.1203125 0.18125
1 0.5046875 0.903125 0.16875 0.19375