2 0.24921875 0.5875 0.3671875 0.4125
1 0.71640625 0.575 0.1890625 0.225
1 0.88359375 0.32708333333333334 0.1890625 0.225
1 0.6546875 0.7583333333333333 0.165625 0.20416666666666666
1 0.7953125 0.7520833333333333 0.165625 0.20416666666666666
1 0.9015625 0.6229166666666667 0.165625 0.20416666666666666
1 0.9171875 0.8 0.165625 0.20416666666666666
1 0.634375 0.19166666666666668 0.165625 0.20416666666666666
1 0.5765625 0.19166666666666668 0.165625 0.20416666666666666
1 0.496875 0.15416666666666667 0.165625 0.20416666666666666
1 0.428125 0.13958333333333334 0.165625 0.20416666666666666
1 0.2578125 0.08958333333333333 0.175 0.175
1 0.07578125 0.484375 0.1484375 0.27708333333333335
1 0.490625 0.91875 0.159375 0.1625
1 0.3578125 0.91875 0.159375 0.1625
1 0.08046875 0.08125 0.1578125 0.15833333333333333
1 0.39765625 0.3645833333333333 0.1828125 0.16666666666666666
1 0.8234375 0.9083333333333333 0.25 0.18333333333333332
1 0.2984375 0.24375 0.134375 0.22916666666666666
1 0.7828125 0.08958333333333333 0.196875 0.175