1 0.4328125 0.8177083333333334 0.171875 0.20625
1 0.6 0.853125 0.171875 0.20625
1 0.7890625 0.865625 0.171875 0.20625
1 0.909375 0.6583333333333333 0.18125 0.2375
1 0.85859375 0.09791666666666667 0.1796875 0.19166666666666668
1 0.625 0.3302083333333333 0.18125 0.24375
1 0.70234375 0.14375 0.1703125 0.22916666666666666
1 0.05234375 0.809375 0.1015625 0.23958333333333334
1 0.07421875 0.375 0.1453125 0.2125
1 0.690625 0.49166666666666664 0.146875 0.2125
1 0.8390625 0.24583333333333332 0.190625 0.20416666666666666
2 0.40078125 0.425 0.4078125 0.37916666666666665