1 0.265625 0.5677083333333334 0.1875 0.24791666666666667
1 0.4484375 0.5854166666666667 0.178125 0.225
1 0.3640625 0.10625 0.15 0.20833333333333334
1 0.18359375 0.31979166666666664 0.1953125 0.24375
1 0.13203125 0.42291666666666666 0.1515625 0.22083333333333333
1 0.11171875 0.8208333333333333 0.1609375 0.25
1 0.63046875 0.575 0.1609375 0.2
1 0.80546875 0.5072916666666667 0.1828125 0.23541666666666666
1 0.65546875 0.8052083333333333 0.1828125 0.23541666666666666
1 0.29140625 0.8572916666666667 0.1828125 0.23541666666666666
1 0.9421875 0.6875 0.115625 0.23333333333333334
1 0.7890625 0.6302083333333334 0.1875 0.20625
1 0.57578125 0.775 0.1859375 0.1875
1 0.74140625 0.09479166666666666 0.1859375 0.18541666666666667
2 0.56640625 0.290625 0.3265625 0.4395833333333333