2 0.1125 0.5458333333333333 0.221875 0.29583333333333334
1 0.27578125 0.6447916666666667 0.1671875 0.2520833333333333
1 0.2953125 0.3458333333333333 0.125 0.22083333333333333
1 0.371875 0.3541666666666667 0.125 0.22083333333333333
1 0.35859375 0.21041666666666667 0.1078125 0.17916666666666667
1 0.5265625 0.6739583333333333 0.14375 0.22291666666666668
1 0.58828125 0.91875 0.1640625 0.1625
1 0.64296875 0.91875 0.1640625 0.1625
1 0.66171875 0.603125 0.1515625 0.21041666666666667
1 0.78984375 0.503125 0.1515625 0.21041666666666667
1 0.5578125 0.46979166666666666 0.18125 0.21458333333333332
1 0.7921875 0.903125 0.153125 0.19375
1 0.059375 0.778125 0.115625 0.21458333333333332
1 0.053125 0.26458333333333334 0.103125 0.26666666666666666
1 0.56640625 0.08541666666666667 0.2046875 0.16666666666666666
1 0.85703125 0.6010416666666667 0.1515625 0.21041666666666667
1 0.83359375 0.690625 0.1515625 0.21041666666666667
1 0.81484375 0.809375 0.1515625 0.21041666666666667
1 0.946875 0.8447916666666667 0.10625 0.20625
1 0.91015625 0.16145833333333334 0.1796875 0.29375
1 0.78359375 0.20208333333333334 0.1765625 0.25833333333333336
0 0.575 0.2375 0.065625 0.09583333333333334
0 0.665625 0.22708333333333333 0.065625 0.09583333333333334
0 0.503125 0.09583333333333334 0.065625 0.09583333333333334
1 0.5328125 0.36666666666666664 0.171875 0.22083333333333333