1 0.52421875 0.36770833333333336 0.1203125 0.18958333333333333
1 0.8375 0.5520833333333334 0.196875 0.2
1 0.64296875 0.378125 0.1609375 0.23125
1 0.32734375 0.5270833333333333 0.2046875 0.2875
1 0.11015625 0.6833333333333333 0.1046875 0.20416666666666666
1 0.79609375 0.19791666666666666 0.1046875 0.20416666666666666
1 0.88359375 0.7645833333333333 0.1140625 0.2
1 0.09609375 0.9229166666666667 0.1640625 0.15416666666666667
1 0.40546875 0.6854166666666667 0.1640625 0.1875
2 0.61328125 0.7697916666666667 0.3046875 0.3229166666666667
0 0.26328125 0.9197916666666667 0.0484375 0.06875
1 0.6640625 0.19583333333333333 0.15 0.2