1 0.90546875 0.8520833333333333 0.1703125 0.22083333333333333
1 0.76015625 0.8166666666666667 0.1703125 0.22083333333333333
1 0.27734375 0.8604166666666667 0.1453125 0.21666666666666667
1 0.57578125 0.709375 0.1859375 0.2520833333333333
1 0.65390625 0.534375 0.1859375 0.2520833333333333
1 0.69609375 0.11875 0.1734375 0.23333333333333334
1 0.81640625 0.5177083333333333 0.1546875 0.20208333333333334
1 0.15703125 0.309375 0.1671875 0.23125
1 0.184375 0.7083333333333334 0.190625 0.20833333333333334
1 0.40390625 0.6802083333333333 0.1640625 0.19791666666666666
1 0.41953125 0.9010416666666666 0.1640625 0.19791666666666666
1 0.26015625 0.16979166666666667 0.1640625 0.23125
1 0.37734375 0.096875 0.1546875 0.18958333333333333
0 0.83515625 0.353125 0.0515625 0.09375
0 0.71015625 0.3458333333333333 0.0859375 0.10833333333333334
0 0.20703125 0.478125 0.0640625 0.09375
0 0.2078125 0.39895833333333336 0.059375 0.07291666666666667
2 0.453125 0.3385416666666667 0.33125 0.40625