1 0.36796875 0.3458333333333333 0.1609375 0.25416666666666665
1 0.20390625 0.30104166666666665 0.1734375 0.24791666666666667
1 0.5453125 0.55 0.18125 0.2875
1 0.86640625 0.7604166666666666 0.1703125 0.21666666666666667
1 0.49609375 0.21770833333333334 0.1515625 0.21041666666666667
1 0.2734375 0.07604166666666666 0.146875 0.14791666666666667
1 0.82421875 0.4635416666666667 0.1515625 0.21041666666666667
1 0.8859375 0.178125 0.184375 0.23958333333333334
1 0.07109375 0.46770833333333334 0.1390625 0.22708333333333333
1 0.715625 0.7697916666666667 0.134375 0.19791666666666666
1 0.68046875 0.30520833333333336 0.1515625 0.21041666666666667
2 0.37734375 0.8260416666666667 0.3078125 0.34791666666666665