1 0.64765625 0.475 0.1703125 0.24166666666666667
1 0.6671875 0.115625 0.1625 0.22708333333333333
1 0.46953125 0.46875 0.1921875 0.2875
1 0.82734375 0.49166666666666664 0.1609375 0.2
1 0.7734375 0.28020833333333334 0.14375 0.20208333333333334
1 0.30625 0.146875 0.15625 0.19375
1 0.1703125 0.646875 0.18125 0.18125
1 0.33359375 0.56875 0.1390625 0.1625
1 0.3421875 0.7072916666666667 0.140625 0.23541666666666666
1 0.94765625 0.55625 0.1046875 0.2875
1 0.23515625 0.365625 0.1796875 0.2604166666666667
2 0.54609375 0.7677083333333333 0.3359375 0.4270833333333333