1 0.3828125 0.2520833333333333 0.14375 0.21666666666666667
1 0.07265625 0.35208333333333336 0.1421875 0.21666666666666667
1 0.2296875 0.128125 0.209375 0.2520833333333333
1 0.38046875 0.47708333333333336 0.1515625 0.24166666666666667
1 0.39765625 0.9197916666666667 0.1546875 0.15625
1 0.25546875 0.7927083333333333 0.1953125 0.23541666666666666
1 0.80703125 0.38645833333333335 0.1546875 0.21041666666666667
1 0.90703125 0.5385416666666667 0.1859375 0.2520833333333333
1 0.66328125 0.525 0.1578125 0.2125
1 0.57421875 0.89375 0.1921875 0.2125
1 0.63203125 0.21041666666666667 0.1765625 0.225
0 0.8296875 0.20625 0.059375 0.08333333333333333
2 0.83046875 0.8208333333333333 0.3359375 0.35833333333333334