1 0.33125 0.6270833333333333 0.18125 0.22916666666666666
1 0.2765625 0.40729166666666666 0.153125 0.18958333333333333
1 0.1140625 0.09583333333333334 0.19375 0.1875
1 0.79765625 0.16354166666666667 0.1546875 0.19375
1 0.80078125 0.7479166666666667 0.1578125 0.2
1 0.534375 0.8104166666666667 0.171875 0.20833333333333334
1 0.11953125 0.5302083333333333 0.2140625 0.22291666666666668
1 0.071875 0.3177083333333333 0.140625 0.18958333333333333
1 0.76015625 0.55 0.1578125 0.2
1 0.65703125 0.15729166666666666 0.1734375 0.20208333333333334
2 0.47578125 0.34270833333333334 0.3390625 0.4479166666666667