1 0.67734375 0.6791666666666667 0.1734375 0.2
1 0.803125 0.25416666666666665 0.20625 0.22916666666666666
1 0.56015625 0.175 0.1578125 0.25416666666666665
1 0.09921875 0.5802083333333333 0.1671875 0.24375
1 0.1921875 0.5302083333333333 0.18125 0.26875
1 0.3515625 0.26145833333333335 0.16875 0.24791666666666667
1 0.30859375 0.803125 0.1921875 0.23541666666666666
1 0.45234375 0.7666666666666667 0.1890625 0.19166666666666668
1 0.14453125 0.8802083333333334 0.2109375 0.22708333333333333
1 0.67109375 0.8947916666666667 0.1859375 0.19791666666666666
1 0.90859375 0.10520833333333333 0.1765625 0.17708333333333334
1 0.12578125 0.18229166666666666 0.1890625 0.24791666666666667
1 0.8734375 0.64375 0.153125 0.20833333333333334
1 0.9421875 0.434375 0.115625 0.23541666666666666
1 0.78515625 0.459375 0.2453125 0.23958333333333334
2 0.49375 0.484375 0.409375 0.4395833333333333
0 0.53125 0.8760416666666667 0.0625 0.09375
0 0.2421875 0.215625 0.0875 0.10208333333333333