2 0.375 0.41354166666666664 0.278125 0.33541666666666664
1 0.28359375 0.7947916666666667 0.1890625 0.24375
1 0.5796875 0.365625 0.146875 0.2520833333333333
1 0.775 0.803125 0.14375 0.23541666666666666
1 0.7390625 0.8760416666666667 0.14375 0.23541666666666666
1 0.45 0.8145833333333333 0.18125 0.24166666666666667
1 0.77890625 0.26979166666666665 0.1578125 0.16041666666666668
1 0.9453125 0.721875 0.109375 0.23541666666666666
1 0.90625 0.253125 0.178125 0.21875
1 0.61328125 0.5791666666666667 0.1828125 0.24583333333333332
1 0.79296875 0.5958333333333333 0.1828125 0.24583333333333332
1 0.1765625 0.44895833333333335 0.146875 0.2520833333333333
0 0.1765625 0.7208333333333333 0.05 0.07916666666666666