1 0.34609375 0.50625 0.1515625 0.20416666666666666
1 0.63671875 0.5479166666666667 0.1515625 0.20416666666666666
1 0.72421875 0.58125 0.1515625 0.20416666666666666
1 0.65390625 0.8166666666666667 0.1703125 0.23333333333333334
1 0.46015625 0.66875 0.1703125 0.23333333333333334
1 0.3296875 0.8677083333333333 0.1625 0.20208333333333334
1 0.1703125 0.9208333333333333 0.184375 0.14583333333333334
1 0.290625 0.16875 0.196875 0.275
1 0.0765625 0.69375 0.15 0.20416666666666666
1 0.87578125 0.45 0.1515625 0.20416666666666666
1 0.571875 0.9125 0.1375 0.175
1 0.1625 0.56875 0.1625 0.17916666666666667
1 0.09765625 0.3614583333333333 0.1671875 0.19375
1 0.13359375 0.07604166666666666 0.1671875 0.14791666666666667
2 0.48046875 0.2916666666666667 0.2609375 0.275