1 0.6390625 0.3302083333333333 0.15625 0.23958333333333334
1 0.70546875 0.8625 0.1796875 0.20416666666666666
1 0.7578125 0.4791666666666667 0.1875 0.24166666666666667
1 0.8078125 0.6895833333333333 0.18125 0.17083333333333334
1 0.16484375 0.90625 0.1515625 0.1875
1 0.0765625 0.5864583333333333 0.15 0.20208333333333334
1 0.0765625 0.365625 0.15 0.20208333333333334
1 0.5203125 0.16041666666666668 0.19375 0.23333333333333334
1 0.37265625 0.34375 0.1671875 0.22916666666666666
1 0.21796875 0.29791666666666666 0.1671875 0.22916666666666666
1 0.25859375 0.18333333333333332 0.1671875 0.22916666666666666
1 0.940625 0.4666666666666667 0.11875 0.20833333333333334
1 0.22890625 0.5416666666666666 0.1484375 0.2
2 0.453125 0.5927083333333333 0.346875 0.46041666666666664