1 0.553125 0.11354166666666667 0.1625 0.18958333333333333
1 0.1125 0.5729166666666666 0.184375 0.25833333333333336
1 0.16328125 0.8229166666666666 0.1390625 0.2375
1 0.0703125 0.8645833333333334 0.1375 0.2375
1 0.346875 0.4270833333333333 0.165625 0.2
1 0.6890625 0.38125 0.165625 0.2
1 0.86328125 0.759375 0.1609375 0.21458333333333332
1 0.46640625 0.5229166666666667 0.1515625 0.19583333333333333
1 0.1671875 0.159375 0.15 0.21458333333333332
2 0.66171875 0.6770833333333334 0.3109375 0.4166666666666667
0 0.97421875 0.309375 0.0515625 0.06875
0 0.9078125 0.915625 0.053125 0.08541666666666667