2 0.28359375 0.684375 0.2828125 0.30625
0 0.75 0.21041666666666667 0.05625 0.075
0 0.71171875 0.084375 0.0828125 0.10208333333333333
0 0.2859375 0.9354166666666667 0.05625 0.075
1 0.89609375 0.665625 0.1859375 0.21875
1 0.41953125 0.4239583333333333 0.1859375 0.21875
1 0.47890625 0.3572916666666667 0.1859375 0.21875
1 0.57734375 0.390625 0.1859375 0.21875
1 0.64921875 0.3802083333333333 0.1859375 0.21875
1 0.71640625 0.428125 0.1859375 0.21875
1 0.77578125 0.44479166666666664 0.1859375 0.21875
1 0.88359375 0.39479166666666665 0.1859375 0.21875
1 0.26953125 0.11041666666666666 0.1859375 0.21666666666666667
1 0.43203125 0.11041666666666666 0.1859375 0.21666666666666667
1 0.54921875 0.165625 0.1859375 0.21875
1 0.07890625 0.5145833333333333 0.1546875 0.2708333333333333
1 0.653125 0.9145833333333333 0.1875 0.17083333333333334