1 0.75703125 0.32916666666666666 0.1703125 0.19583333333333333
1 0.59296875 0.346875 0.1578125 0.18958333333333333
1 0.69296875 0.8572916666666667 0.1578125 0.18958333333333333
1 0.15234375 0.15520833333333334 0.1890625 0.2604166666666667
1 0.52421875 0.11666666666666667 0.2296875 0.22916666666666666
1 0.35390625 0.521875 0.1734375 0.19375
1 0.41328125 0.7364583333333333 0.1234375 0.17291666666666666
1 0.57265625 0.8114583333333333 0.1546875 0.16458333333333333
1 0.88515625 0.790625 0.1859375 0.23541666666666666
1 0.45546875 0.31666666666666665 0.1703125 0.22083333333333333
1 0.73515625 0.153125 0.1578125 0.23125
2 0.534375 0.615625 0.2125 0.24791666666666667