1 0.2296875 0.6833333333333333 0.159375 0.20416666666666666
1 0.31015625 0.11354166666666667 0.1734375 0.22291666666666668
1 0.46328125 0.08854166666666667 0.1734375 0.17291666666666666
1 0.6703125 0.08125 0.178125 0.15833333333333333
1 0.09765625 0.428125 0.1484375 0.17708333333333334
1 0.64296875 0.725 0.1546875 0.20833333333333334
1 0.49296875 0.7708333333333334 0.1546875 0.20833333333333334
1 0.1109375 0.9104166666666667 0.1375 0.17916666666666667
1 0.37890625 0.46458333333333335 0.2046875 0.2625
1 0.5953125 0.9114583333333334 0.153125 0.17708333333333334
1 0.703125 0.9114583333333334 0.153125 0.17708333333333334
1 0.7578125 0.5572916666666666 0.153125 0.17708333333333334
1 0.875 0.07395833333333333 0.2125 0.14375
2 0.56171875 0.33958333333333335 0.3609375 0.35
0 0.21796875 0.06770833333333333 0.0546875 0.08125