1 0.62265625 0.37604166666666666 0.1734375 0.21041666666666667
1 0.60078125 0.6510416666666666 0.1734375 0.21041666666666667
1 0.65703125 0.8427083333333333 0.1734375 0.21041666666666667
1 0.31015625 0.26145833333333335 0.1734375 0.21041666666666667
1 0.17578125 0.121875 0.1265625 0.16875
1 0.30078125 0.6239583333333333 0.1578125 0.20625
1 0.18359375 0.6677083333333333 0.1578125 0.20625
1 0.28515625 0.8208333333333333 0.1640625 0.19166666666666668
1 0.81484375 0.26458333333333334 0.1640625 0.19166666666666668
1 0.7890625 0.634375 0.190625 0.21041666666666667
1 0.91796875 0.46458333333333335 0.1640625 0.25416666666666665
1 0.62578125 0.11041666666666666 0.1640625 0.19166666666666668
1 0.68828125 0.13333333333333333 0.1640625 0.19166666666666668
1 0.90859375 0.7770833333333333 0.1640625 0.19166666666666668
2 0.115625 0.390625 0.228125 0.44375
0 0.3015625 0.471875 0.059375 0.09791666666666667