1 0.71640625 0.7354166666666667 0.1890625 0.2625
1 0.325 0.63125 0.209375 0.2625
1 0.09453125 0.4864583333333333 0.1859375 0.18541666666666667
1 0.06796875 0.8885416666666667 0.1328125 0.22291666666666668
1 0.290625 0.14479166666666668 0.190625 0.22708333333333333
1 0.259375 0.36770833333333336 0.190625 0.22708333333333333
1 0.51875 0.909375 0.175 0.17708333333333334
1 0.90859375 0.11145833333333334 0.1328125 0.17291666666666666
1 0.65546875 0.16041666666666668 0.2046875 0.2375
1 0.48828125 0.109375 0.1765625 0.21458333333333332
1 0.5875 0.6760416666666667 0.171875 0.22291666666666668
2 0.50625 0.40520833333333334 0.35625 0.4270833333333333