1 0.875 0.825 0.165625 0.24583333333333332
1 0.9390625 0.678125 0.121875 0.19791666666666666
1 0.87578125 0.49583333333333335 0.1796875 0.2375
1 0.2796875 0.5333333333333333 0.15625 0.21666666666666667
1 0.5671875 0.8458333333333333 0.13125 0.22083333333333333
1 0.6328125 0.8479166666666667 0.15625 0.21666666666666667
1 0.20625 0.17604166666666668 0.18125 0.2520833333333333
1 0.8125 0.08125 0.178125 0.15833333333333333
1 0.1953125 0.8708333333333333 0.15625 0.21666666666666667
1 0.2921875 0.8010416666666667 0.14375 0.16875
1 0.6203125 0.625 0.153125 0.20833333333333334
2 0.43984375 0.3375 0.3078125 0.425
0 0.846875 0.2989583333333333 0.05 0.08541666666666667