1 0.71015625 0.12291666666666666 0.1796875 0.24166666666666667
1 0.30234375 0.6833333333333333 0.1796875 0.24166666666666667
1 0.46796875 0.6833333333333333 0.1796875 0.24166666666666667
1 0.628125 0.8197916666666667 0.209375 0.24375
1 0.8 0.721875 0.146875 0.23541666666666666
1 0.146875 0.2635416666666667 0.175 0.20208333333333334
1 0.5296875 0.071875 0.14375 0.13958333333333334
1 0.71015625 0.37083333333333335 0.1796875 0.24166666666666667
1 0.0578125 0.45416666666666666 0.1125 0.2375
0 0.1203125 0.9197916666666667 0.10625 0.12708333333333333
0 0.34296875 0.8927083333333333 0.0609375 0.08541666666666667
0 0.159375 0.41875 0.071875 0.1125
0 0.97578125 0.3020833333333333 0.0484375 0.1
2 0.375 0.2677083333333333 0.3125 0.42291666666666666