1 0.23046875 0.60625 0.1671875 0.18333333333333332
1 0.13828125 0.9083333333333333 0.1671875 0.18333333333333332
1 0.47734375 0.14479166666666668 0.1671875 0.18541666666666667
1 0.81484375 0.803125 0.1734375 0.2520833333333333
1 0.67578125 0.2520833333333333 0.1734375 0.25416666666666665
1 0.70390625 0.9166666666666666 0.1671875 0.16666666666666666
1 0.178125 0.3697916666666667 0.15 0.16041666666666668
1 0.23828125 0.165625 0.1765625 0.23541666666666666
1 0.8046875 0.31979166666666664 0.140625 0.24375
1 0.26875 0.3645833333333333 0.146875 0.175
1 0.06484375 0.6875 0.1265625 0.25833333333333336
2 0.43515625 0.7 0.3703125 0.4625