1 0.4046875 0.6979166666666666 0.159375 0.1875
1 0.575 0.740625 0.171875 0.18958333333333333
1 0.81875 0.8135416666666667 0.171875 0.21875
1 0.9140625 0.46145833333333336 0.171875 0.21875
1 0.415625 0.4552083333333333 0.171875 0.21875
1 0.409375 0.24270833333333333 0.171875 0.21875
1 0.5515625 0.19583333333333333 0.190625 0.25
1 0.6546875 0.39479166666666665 0.1625 0.21041666666666667
1 0.753125 0.34270833333333334 0.178125 0.24375
1 0.740625 0.575 0.178125 0.17916666666666667
1 0.80390625 0.10625 0.1859375 0.20833333333333334
1 0.2875 0.28854166666666664 0.140625 0.21875
1 0.0796875 0.3229166666666667 0.15625 0.21666666666666667
1 0.09375 0.51875 0.15625 0.20416666666666666
1 0.715625 0.6364583333333333 0.13125 0.23541666666666666
2 0.1921875 0.803125 0.353125 0.39375