1 0.39296875 0.8010416666666667 0.1609375 0.20208333333333334
1 0.06796875 0.8729166666666667 0.1328125 0.20416666666666666
1 0.540625 0.31875 0.234375 0.16666666666666666
1 0.35859375 0.6020833333333333 0.1953125 0.16666666666666666
1 0.465625 0.14270833333333333 0.1875 0.18541666666666667
1 0.1828125 0.12083333333333333 0.1625 0.2125
1 0.5578125 0.6333333333333333 0.165625 0.22083333333333333
1 0.7078125 0.5625 0.18125 0.20833333333333334
1 0.74609375 0.740625 0.1890625 0.21458333333333332
1 0.90234375 0.3302083333333333 0.1734375 0.23125
1 0.89140625 0.5010416666666667 0.1421875 0.23125
1 0.5921875 0.9260416666666667 0.15625 0.14791666666666667
0 0.8375 0.8864583333333333 0.071875 0.08541666666666667
0 0.97734375 0.6541666666666667 0.0453125 0.0625
2 0.13203125 0.396875 0.2609375 0.41041666666666665
0 0.034375 0.057291666666666664 0.05625 0.06041666666666667