1 0.3125 0.834375 0.18125 0.19375
1 0.12890625 0.8708333333333333 0.1734375 0.1875
1 0.415625 0.284375 0.18125 0.19375
1 0.69609375 0.19791666666666666 0.1828125 0.225
1 0.72421875 0.434375 0.1453125 0.22708333333333333
1 0.93203125 0.6072916666666667 0.1359375 0.26458333333333334
1 0.2953125 0.5104166666666666 0.153125 0.2125
1 0.45 0.6979166666666666 0.153125 0.2125
1 0.1609375 0.7291666666666666 0.15625 0.1875
1 0.51484375 0.16666666666666666 0.1765625 0.25
2 0.6296875 0.6989583333333333 0.20625 0.27708333333333335
0 0.23515625 0.43854166666666666 0.0515625 0.06875
2 0.93359375 0.3145833333333333 0.1328125 0.25833333333333336