1 0.08125 0.43854166666666666 0.13125 0.19791666666666666
1 0.46015625 0.5489583333333333 0.1609375 0.26458333333333334
1 0.82578125 0.3885416666666667 0.1609375 0.26458333333333334
1 0.73671875 0.7885416666666667 0.1734375 0.2604166666666667
1 0.67578125 0.428125 0.1484375 0.21041666666666667
1 0.68515625 0.159375 0.1484375 0.21041666666666667
1 0.06875 0.7541666666666667 0.134375 0.20833333333333334
1 0.9421875 0.2520833333333333 0.115625 0.20833333333333334
2 0.3421875 0.31354166666666666 0.265625 0.24375
0 0.43671875 0.7958333333333333 0.0609375 0.075
0 0.76796875 0.56875 0.0609375 0.075