2 0.3140625 0.37916666666666665 0.29375 0.3541666666666667
1 0.13046875 0.45625 0.1328125 0.25416666666666665
1 0.72109375 0.7760416666666666 0.1609375 0.23958333333333334
1 0.89921875 0.8114583333333333 0.1609375 0.23958333333333334
1 0.80078125 0.8447916666666667 0.1609375 0.23958333333333334
1 0.4453125 0.9145833333333333 0.18125 0.17083333333333334
1 0.2984375 0.9145833333333333 0.18125 0.17083333333333334
1 0.2859375 0.8479166666666667 0.18125 0.17083333333333334
1 0.66328125 0.409375 0.1609375 0.19375
1 0.84921875 0.5052083333333334 0.1609375 0.19375
1 0.56640625 0.5375 0.2046875 0.2375
1 0.89609375 0.19791666666666666 0.1296875 0.19583333333333333
1 0.04453125 0.3927083333333333 0.0859375 0.27708333333333335
1 0.25390625 0.09791666666666667 0.2328125 0.19166666666666668
1 0.428125 0.6114583333333333 0.134375 0.17708333333333334
1 0.3390625 0.6875 0.165625 0.19166666666666668
1 0.58046875 0.37395833333333334 0.1609375 0.19375