1 0.83515625 0.09895833333333333 0.1703125 0.18958333333333333
1 0.6265625 0.534375 0.16875 0.23958333333333334
1 0.8375 0.8572916666666667 0.13125 0.22708333333333333
1 0.9234375 0.28229166666666666 0.13125 0.22708333333333333
1 0.6828125 0.8552083333333333 0.16875 0.23958333333333334
1 0.625 0.10104166666666667 0.165625 0.19791666666666666
1 0.18515625 0.2791666666666667 0.1984375 0.2375
1 0.4859375 0.16354166666666667 0.178125 0.21041666666666667
1 0.103125 0.5177083333333333 0.190625 0.21041666666666667
1 0.71484375 0.46875 0.1703125 0.25
1 0.71328125 0.6572916666666667 0.1515625 0.21458333333333332
2 0.1765625 0.8447916666666667 0.35 0.30625
0 0.83125 0.421875 0.071875 0.08541666666666667