2 0.32265625 0.46979166666666666 0.3046875 0.44375
1 0.63828125 0.5 0.1390625 0.1625
1 0.71953125 0.42916666666666664 0.1390625 0.1625
1 0.78671875 0.3125 0.1390625 0.1625
1 0.79140625 0.39791666666666664 0.1390625 0.20416666666666666
1 0.84453125 0.4197916666666667 0.1109375 0.16041666666666668
1 0.82734375 0.590625 0.1671875 0.20208333333333334
1 0.10234375 0.734375 0.1609375 0.23541666666666666
1 0.41640625 0.125 0.1453125 0.21666666666666667
1 0.60703125 0.20833333333333334 0.1453125 0.21666666666666667
1 0.58671875 0.26458333333333334 0.1828125 0.22083333333333333
1 0.4765625 0.2604166666666667 0.146875 0.19166666666666668
1 0.7046875 0.7135416666666666 0.146875 0.21458333333333332
1 0.384375 0.809375 0.146875 0.21458333333333332
1 0.23125 0.884375 0.196875 0.21875
1 0.246875 0.12291666666666666 0.16875 0.24166666666666667
0 0.16171875 0.36354166666666665 0.0578125 0.08958333333333333
1 0.48125 0.9364583333333333 0.14375 0.12708333333333333
1 0.07421875 0.2677083333333333 0.1453125 0.21458333333333332