1 0.1859375 0.640625 0.171875 0.18125
1 0.68984375 0.31666666666666665 0.1703125 0.25
1 0.90078125 0.5583333333333333 0.1703125 0.25
1 0.07265625 0.2125 0.1421875 0.25
1 0.21015625 0.2604166666666667 0.1828125 0.24166666666666667
1 0.18046875 0.4083333333333333 0.1828125 0.24166666666666667
1 0.08203125 0.8333333333333334 0.1609375 0.225
1 0.56875 0.09166666666666666 0.171875 0.17916666666666667
0 0.06953125 0.51875 0.0796875 0.09583333333333334
0 0.3234375 0.48541666666666666 0.078125 0.08333333333333333
0 0.08125 0.030208333333333334 0.065625 0.05625
2 0.590625 0.7260416666666667 0.478125 0.5479166666666667