2 0.29453125 0.5822916666666667 0.2546875 0.28125
1 0.48046875 0.29583333333333334 0.1953125 0.23333333333333334
1 0.14609375 0.44166666666666665 0.1453125 0.19583333333333333
1 0.12265625 0.265625 0.2078125 0.21458333333333332
1 0.38359375 0.8260416666666667 0.1578125 0.21041666666666667
1 0.26640625 0.8510416666666667 0.1578125 0.21041666666666667
1 0.20859375 0.846875 0.1578125 0.21041666666666667
1 0.10234375 0.846875 0.1578125 0.21041666666666667
1 0.56328125 0.7489583333333333 0.1578125 0.21041666666666667
1 0.73046875 0.7385416666666667 0.1578125 0.21041666666666667
1 0.83671875 0.515625 0.1578125 0.21041666666666667
1 0.83046875 0.11770833333333333 0.1796875 0.22708333333333333
1 0.65 0.1 0.18125 0.19583333333333333
1 0.2640625 0.1 0.18125 0.19583333333333333
1 0.2953125 0.259375 0.18125 0.19791666666666666
0 0.0359375 0.08333333333333333 0.06875 0.0875
0 0.88359375 0.6427083333333333 0.0546875 0.06458333333333334
1 0.68671875 0.47291666666666665 0.1953125 0.23333333333333334
1 0.82890625 0.9072916666666667 0.1359375 0.18541666666666667