1 0.09609375 0.42083333333333334 0.1421875 0.20833333333333334
1 0.10703125 0.65 0.1578125 0.2125
1 0.13828125 0.8833333333333333 0.1515625 0.22916666666666666
1 0.41171875 0.25104166666666666 0.1890625 0.21041666666666667
1 0.23046875 0.340625 0.1890625 0.21041666666666667
1 0.26953125 0.10625 0.1890625 0.20833333333333334
1 0.62578125 0.209375 0.1890625 0.21041666666666667
1 0.76171875 0.5520833333333334 0.1890625 0.2125
1 0.75703125 0.7604166666666666 0.1890625 0.2125
1 0.9140625 0.896875 0.171875 0.20625
1 0.8109375 0.33958333333333335 0.2 0.25833333333333336
0 0.21015625 0.5458333333333333 0.0609375 0.07083333333333333
2 0.45390625 0.7520833333333333 0.3421875 0.44583333333333336