1 0.21484375 0.13854166666666667 0.1765625 0.20208333333333334
1 0.14609375 0.6354166666666666 0.1578125 0.19166666666666668
1 0.62109375 0.8354166666666667 0.1578125 0.19166666666666668
1 0.23046875 0.85 0.1578125 0.19166666666666668
1 0.384375 0.4625 0.159375 0.22916666666666666
1 0.703125 0.5979166666666667 0.159375 0.22916666666666666
1 0.9171875 0.6854166666666667 0.159375 0.22916666666666666
1 0.93671875 0.396875 0.1265625 0.22708333333333333
1 0.17109375 0.3927083333333333 0.1359375 0.21875
1 0.4953125 0.49166666666666664 0.159375 0.22916666666666666
1 0.4765625 0.6729166666666667 0.159375 0.22916666666666666
1 0.43203125 0.8489583333333334 0.1609375 0.20625
2 0.6203125 0.2791666666666667 0.35 0.43333333333333335
0 0.78125 0.8864583333333333 0.071875 0.06041666666666667