1 0.29921875 0.63125 0.1796875 0.23333333333333334
1 0.64609375 0.24583333333333332 0.1796875 0.23333333333333334
1 0.72109375 0.7145833333333333 0.1796875 0.23333333333333334
1 0.56328125 0.49270833333333336 0.1140625 0.24375
1 0.3203125 0.3927083333333333 0.19375 0.23958333333333334
1 0.51484375 0.8708333333333333 0.1671875 0.225
1 0.325 0.8375 0.2 0.20416666666666666
1 0.86796875 0.55625 0.1796875 0.23333333333333334
1 0.8328125 0.8927083333333333 0.15625 0.21458333333333332
1 0.5984375 0.07708333333333334 0.18125 0.15
1 0.49140625 0.4895833333333333 0.1796875 0.22916666666666666
1 0.1984375 0.828125 0.190625 0.20208333333333334
2 0.37578125 0.16666666666666666 0.3390625 0.32916666666666666