1 0.44609375 0.5916666666666667 0.1765625 0.19166666666666668
1 0.328125 0.4197916666666667 0.18125 0.23125
1 0.325 0.415625 0.18125 0.23125
1 0.19453125 0.5177083333333333 0.1703125 0.21458333333333332
1 0.0859375 0.08645833333333333 0.15 0.16875
1 0.8140625 0.15520833333333334 0.1625 0.19375
1 0.8515625 0.38958333333333334 0.159375 0.20833333333333334
1 0.1078125 0.7291666666666666 0.13125 0.1875
1 0.1359375 0.3125 0.13125 0.1875
1 0.115625 0.49166666666666664 0.13125 0.1875
1 0.58125 0.6552083333333333 0.103125 0.21875
1 0.646875 0.21354166666666666 0.14375 0.18125
1 0.72734375 0.38125 0.1578125 0.17916666666666667
1 0.61640625 0.928125 0.1578125 0.13958333333333334
1 0.2953125 0.6229166666666667 0.140625 0.20416666666666666
2 0.771875 0.6864583333333333 0.3 0.42291666666666666
0 0.51015625 0.8375 0.0640625 0.07916666666666666